distancing: 1
p_vax: 0.9
aerosol_only: True
class_type: 'breathing'
fraction_masked: 1.0

weights_VE_transmission: [0.004584331167, 0.9471482332, 0.04826743561]
weights_VE_susceptible: [0.6329623799, 0.07003466183, 0.009014613832, 0.0672255304, 0.1703857239, 0.05037709018]
VE_susceptible_vals: [0.4, 0.42, 0.66, 0.76, 0.79, 0.88]
VE_transmission_vals: [0, 0.5, 0.71]

mask_eff_mean: 0.145
mask_eff_sd: 0.0536

Omicron_mult_mean: 3.5 
Omicron_mult_sd: 0.7653

student_inf_mean: 6.8718
student_inf_sd: 0.3719985
student_inf_so_far: 488

Omicron: False

class_hours_per_semester: 315

total_student_population: 15000
instructor_population: 3120
instructor_teaching_frac: 0.333333

instructor_type: 'graduate student instructor'

save_suffix: '_sept_updated_prevalence'